rewards_data: [0.5, 0.5, 0.5, 0.5, 0.5, 0.5, 0.5, 0.5, 0.5, 0.5, 0.5, 0.5, 0.5, 0.5, 0.5, 0.5, 0.5, 0.5, 0.5, 0.5, 0.5, 0.4314554363929949, 0.34918477758116495, 0.274449545250807, 0.22403761571369263, 0.19727681289160826, 0.17721045772807342, 0.19530684156665556, 0.2407293759382605, 0.27504357821592873, 0.3056224246405054, 0.3367548127146529, 0.3658461842513332, 0.3937411008337287, 0.42402097772870406, 0.46221085210091684, 0.489117684809972, 0.46011216810584843, 0.3867573800241979, 0.30644470930831014, 0.23987145209944827, 0.17856238078456033, 0.14325442829605894, 0.15670809309439693, 0.13708899568989896, 0.08984661415591766, 0.04047278379228436, 0.018566427834111443, -0.003075395856582619, 0.1804641438519461, 0.42625162224945745, 0.30432653229515005, 0.10541785227782186, -0.05062837405499204, -0.17529979756354447] 
 time:21552.71785235405